
$orca_hessian_file

$act_atom
  0

$act_coord
  0

$act_energy
        0.000000

$multiplicity
  1

$hessian
12
                    0                  1                  2                  3                  4        
    0      1.1048289338E-01  -1.2886606743E-02   9.3334026727E-02  -8.4490500831E-02   1.0678974226E-02
    1     -1.2886606743E-02   2.6199871549E-02  -3.8905809306E-02   9.9395300338E-03  -6.4496773403E-02
    2      9.3334026727E-02  -3.8905809306E-02   2.5573176055E-01  -6.0721164680E-02   3.2144382851E-02
    3     -8.4490500831E-02   9.9395300338E-03  -6.0721164680E-02   1.0662871589E+00   3.0593687880E-02
    4      1.0678974226E-02  -6.4496773403E-02   3.2144382851E-02   3.0593687880E-02   1.9192019015E-01
    5     -6.4786580254E-02   3.1973114843E-02  -2.5004946450E-01   5.8294568581E-02  -7.1432741534E-02
    6      9.2763552019E-03   1.0708925329E-03  -8.4541544560E-03  -1.1899525196E-01  -1.9887571847E-02
    7     -3.0377076740E-03   1.8418690654E-02   6.1387812991E-03  -1.9164818911E-02  -6.5968848513E-02
    8      1.3992715146E-02   7.1658428750E-03  -1.5948049427E-02   8.9490646085E-02   3.2519049165E-02
    9     -3.5268747752E-02   1.8764090205E-03  -2.4156484357E-02  -8.6280140608E-01  -2.1410298102E-02
   10      5.2451153471E-03   1.9878211199E-02   6.2266102661E-04  -2.1343191160E-02  -6.1454568234E-02
   11     -4.2542384854E-02  -2.3316428420E-04   1.0265753377E-02  -8.7081166724E-02   6.7628533204E-03
                    5                  6                  7                  8                  9        
    0     -6.4786580254E-02   9.2763552019E-03  -3.0377076740E-03   1.3992715146E-02  -3.5268747752E-02
    1      3.1973114843E-02   1.0708925329E-03   1.8418690654E-02   7.1658428750E-03   1.8764090205E-03
    2     -2.5004946450E-01  -8.4541544560E-03   6.1387812991E-03  -1.5948049427E-02  -2.4156484357E-02
    3      5.8294568581E-02  -1.1899525196E-01  -1.9164818911E-02   8.9490646085E-02  -8.6280140608E-01
    4     -7.1432741534E-02  -1.9887571847E-02  -6.5968848513E-02   3.2519049165E-02  -2.1410298102E-02
    5      5.8256194762E-01   9.3502626919E-02   3.2704283228E-02  -2.1403329010E-01  -8.6993498509E-02
    6      9.3502626919E-02   1.5685895563E-01   2.7246104874E-02  -1.1411381191E-01  -4.7140058875E-02
    7      3.2704283228E-02   2.7246104874E-02   2.8185155866E-02  -3.9653120792E-02  -5.0483179492E-03
    8     -2.1403329010E-01  -1.1411381191E-01  -3.9653120792E-02   2.0731499894E-01   1.0632514201E-02
    9     -8.6993498509E-02  -4.7140058875E-02  -5.0483179492E-03   1.0632514201E-02   9.4521021271E-01
   10      6.7617996593E-03  -8.4246858992E-03   1.9365001992E-02  -3.6717431145E-05   2.4552484372E-02
   11     -1.1847919302E-01   2.9063275929E-02   8.1500244731E-04   2.2666340589E-02   1.0053887216E-01
                   10                 11        
     0      5.2451153471E-03  -4.2542384854E-02
     1      1.9878211199E-02  -2.3316428420E-04
     2      6.2266102661E-04   1.0265753377E-02
     3     -2.1343191160E-02  -8.7081166724E-02
     4     -6.1454568234E-02   6.7628533204E-03
     5      6.7617996593E-03  -1.1847919302E-01
     6     -8.4246858992E-03   2.9063275929E-02
     7      1.9365001992E-02   8.1500244731E-04
     8     -3.6717431145E-05   2.2666340589E-02
     9      2.4552484372E-02   1.0053887216E-01
    10      2.2211355043E-02  -7.3462173692E-03
    11     -7.3462173692E-03   8.5547099058E-02

$vibrational_frequencies
12
    0        0.0000000000000000
    1        0.0000000000000000
    2        0.0000000000000000
    3        0.0000000000000000
    4        0.0000000000000000
    5        0.0000000000000000
    6     1206.1217436982067284
    7     1276.4805930158427145
    8     1538.1675401832917487
    9     1897.0499103963752532
   10     2908.5151806443336682
   11     2975.5716381385445857

$normal_modes
12 12
                    0                  1                  2                  3                  4        
    0      0.0000000000E+00   0.0000000000E+00   0.0000000000E+00   0.0000000000E+00   0.0000000000E+00
    1      0.0000000000E+00   0.0000000000E+00   0.0000000000E+00   0.0000000000E+00   0.0000000000E+00
    2      0.0000000000E+00   0.0000000000E+00   0.0000000000E+00   0.0000000000E+00   0.0000000000E+00
    3      0.0000000000E+00   0.0000000000E+00   0.0000000000E+00   0.0000000000E+00   0.0000000000E+00
    4      0.0000000000E+00   0.0000000000E+00   0.0000000000E+00   0.0000000000E+00   0.0000000000E+00
    5      0.0000000000E+00   0.0000000000E+00   0.0000000000E+00   0.0000000000E+00   0.0000000000E+00
    6      0.0000000000E+00   0.0000000000E+00   0.0000000000E+00   0.0000000000E+00   0.0000000000E+00
    7      0.0000000000E+00   0.0000000000E+00   0.0000000000E+00   0.0000000000E+00   0.0000000000E+00
    8      0.0000000000E+00   0.0000000000E+00   0.0000000000E+00   0.0000000000E+00   0.0000000000E+00
    9      0.0000000000E+00   0.0000000000E+00   0.0000000000E+00   0.0000000000E+00   0.0000000000E+00
   10      0.0000000000E+00   0.0000000000E+00   0.0000000000E+00   0.0000000000E+00   0.0000000000E+00
   11      0.0000000000E+00   0.0000000000E+00   0.0000000000E+00   0.0000000000E+00   0.0000000000E+00
                    5                  6                  7                  8                  9        
    0      0.0000000000E+00  -3.1974791976E-02  -6.7212184052E-01   6.4093259447E-01  -1.9216238663E-01
    1      0.0000000000E+00   6.8335246878E-01  -6.3086005393E-02   8.1437909392E-02  -8.5719664058E-02
    2      0.0000000000E+00   1.2519350805E-01   1.7214742384E-01  -2.8275394331E-01   4.1888632429E-01
    3      0.0000000000E+00   8.0089993241E-03   1.6115957460E-02  -2.6922909922E-03   6.0318215108E-01
    4      0.0000000000E+00  -1.7223300236E-01   2.7626709772E-02  -4.9584571076E-05   1.5282071089E-02
    5      0.0000000000E+00  -3.1621460819E-02  -1.4623066414E-01  -2.8624951225E-04   6.9445834562E-02
    6      0.0000000000E+00  -3.1256752831E-02   6.1794372804E-01   5.6301918223E-01  -9.5544815963E-02
    7      0.0000000000E+00   6.8335747663E-01  -3.0470747653E-02  -5.1144228125E-02   7.8336715738E-02
    8      0.0000000000E+00   1.2537104454E-01   3.2086746162E-01   4.2128684190E-01  -4.5223707114E-01
    9      0.0000000000E+00  -2.0287951569E-03  -8.6853695644E-03  -7.3832507270E-02  -4.3470291620E-01
   10      0.0000000000E+00   4.3193134971E-02  -1.4845878117E-02  -1.8713963644E-03  -1.1007621973E-02
   11      0.0000000000E+00   7.9527656030E-03   7.8718513813E-02  -8.5132207571E-03  -5.0034150015E-02
                   10                 11        
     0     -2.9122875753E-01  -3.0513406237E-01
     1      1.0261672838E-01   1.0060072986E-01
     2     -6.3392892645E-01  -6.2665169201E-01
     3      5.9997037393E-02  -1.0878214343E-02
     4      1.5350790972E-03  -1.8616469035E-02
     5      6.8121944095E-03   9.8927083981E-02
     6     -4.2296200121E-01   4.3322365291E-01
     7     -1.2088901025E-01   1.1903671613E-01
     8      5.5283841923E-01  -5.4034787395E-01
     9     -4.5011020498E-05   9.6501356891E-05
    10     -1.2110074687E-06   1.3800012580E-04
    11     -5.1275561355E-06  -7.4239910079E-04

#
# The atoms: label  mass x y z (in bohrs)
#
$atoms
4
 H      1.00800      2.053504982392    -0.271401826438     2.001618398935
 C     12.01100      1.120094147732     0.028345019191     0.128962058978
 H      1.00800      2.438306171099     0.385034549257    -1.484448953025
 O     15.99900     -1.123895021634    -0.028438890563    -0.129399968239

$actual_temperature
  0.000000

$frequency_scale_factor
  1.000000

$dipole_derivatives
12
   -3.2115529037E-02    9.0358759767E-03   -7.4492876847E-02
    1.2655963501E-02    5.7079935105E-02    4.8228562057E-02
   -9.3644942429E-02    4.7157451727E-02   -2.1690543299E-01
    1.0477238791E+00    3.4751169450E-02    2.8961817870E-02
    3.4929403437E-02    2.0728291597E-01   -1.1658261727E-01
    2.8423758196E-02   -1.1618802893E-01    8.2832488565E-01
   -7.6512250929E-02   -2.5521199223E-02    1.0437429484E-01
   -2.9396348065E-02    5.5171932092E-02    4.8104985320E-02
    1.2391699651E-01    4.8658454268E-02   -1.7070194537E-01
   -9.3899953260E-01   -1.8245705682E-02   -5.9015827066E-02
   -1.8224271841E-02   -3.1962442033E-01    2.0281670089E-02
   -5.8783192417E-02    2.0337350182E-02   -4.4058085552E-01

#
# The IR spectrum
#  wavenumber eps Int TX TY TZ
#
$ir_spectrum
12
      0.00   0.00000000   0.00000000     0.000000     0.000000     0.000000
      0.00   0.00000000   0.00000000     0.000000     0.000000     0.000000
      0.00   0.00000000   0.00000000     0.000000     0.000000     0.000000
      0.00   0.00000000   0.00000000     0.000000     0.000000     0.000000
      0.00   0.00000000   0.00000000     0.000000     0.000000     0.000000
      0.00   0.00000000   0.00000000     0.000000     0.000000     0.000000
   1206.12   0.00027954   1.41265606    -0.000397     0.008357     0.001525
   1276.48   0.00294692  14.89250067     0.002902     0.004928    -0.026225
   1538.17   0.00128253   6.48140426     0.016022     0.000401     0.001830
   1897.05   0.02273714 114.90418177     0.060734     0.001541     0.007018
   2908.52   0.01053003  53.21447437     0.033387     0.000839     0.003797
   2975.57   0.02752885 139.11952544    -0.005795    -0.009827     0.052507


$end

